ISC,2482,3510,300,0,0,BundingBox in millimeter,Ver3.0
1,CAT,15,15,28,12,1
2,DIV,102,58,41,15,2
3,SGN,145,82,43,9,3
4,R01C1,73,105.5,22,7.2,4
5,R01C2,145,105.5,17,7.2,5
6,R01C3,164,105.5,24,7.2,6
7,R02C1,73,112.7,22,7.2,7
8,R02C2,145,112.7,17,7.2,8
9,R02C3,164,112.7,24,7.2,9
10,R03C1,73,119.9,22,7.2,10
11,R03C2,145,119.9,17,7.2,11
12,R03C3,164,119.9,24,7.2,12
13,R04C1,73,127.1,22,7.2,13
14,R04C2,145,127.1,17,7.2,14
15,R04C3,164,127.1,24,7.2,15
16,R05C1,73,134.3,22,7.2,16
17,R05C2,145,134.3,17,7.2,17
18,R05C3,164,134.3,24,7.2,18
19,R06C1,73,141.5,22,7.2,19
20,R06C2,145,141.5,17,7.2,20
21,R06C3,164,141.5,24,7.2,21
22,R07C1,73,148.7,22,7.2,22
23,R07C2,145,148.7,17,7.2,23
24,R07C3,164,148.7,24,7.2,24
25,R08C1,73,155.9,22,7.2,25
26,R08C2,145,155.9,17,7.2,26
27,R08C3,164,155.9,24,7.2,27
28,R09C1,73,163.1,22,7.2,28
29,R09C2,145,163.1,17,7.2,29
30,R09C3,164,163.1,24,7.2,30
31,R10C1,73,170.3,22,7.2,31
32,R10C2,145,170.3,17,7.2,32
33,R10C3,164,170.3,24,7.2,33
34,R11C1,73,177.5,22,7.2,34
35,R11C2,145,177.5,17,7.2,35
36,R11C3,164,177.5,24,7.2,36
37,R12C1,73,184.7,22,7.2,37
38,R12C2,145,184.7,17,7.2,38
39,R12C3,164,184.7,24,7.2,39
40,R13C1,73,191.9,22,7.2,40
41,R13C2,145,191.9,17,7.2,41
42,R13C3,164,191.9,24,7.2,42
43,R14C1,73,199.1,22,7.2,43
44,R14C2,145,199.1,17,7.2,44
45,R14C3,164,199.1,24,7.2,45
46,R15C1,73,206.3,22,7.2,46
47,R15C2,145,206.3,17,7.2,47
48,R15C3,164,206.3,24,7.2,48
