ISC,2482,3510,300,0,0,Ver3.0
1,CAT,177.17,177.17,330.71,141.73,1,
2,DIV,1204.72,685.04,484.25,177.17,2,
3,SGN,1712.6,968.5,507.87,106.3,3,
4,R01C1,862.2,1246.06,259.84,85.04,4,
5,R01C2,1712.6,1246.06,200.79,85.04,5,
6,R01C3,1937.01,1246.06,283.46,85.04,6,
7,R02C1,862.2,1331.1,259.84,85.04,7,
8,R02C2,1712.6,1331.1,200.79,85.04,8,
9,R02C3,1937.01,1331.1,283.46,85.04,9,
10,R03C1,862.2,1416.14,259.84,85.04,10,
11,R03C2,1712.6,1416.14,200.79,85.04,11,
12,R03C3,1937.01,1416.14,283.46,85.04,12,
13,R04C1,862.2,1501.18,259.84,85.04,13,
14,R04C2,1712.6,1501.18,200.79,85.04,14,
15,R04C3,1937.01,1501.18,283.46,85.04,15,
16,R05C1,862.2,1586.22,259.84,85.04,16,
17,R05C2,1712.6,1586.22,200.79,85.04,17,
18,R05C3,1937.01,1586.22,283.46,85.04,18,
19,R06C1,862.2,1671.26,259.84,85.04,19,
20,R06C2,1712.6,1671.26,200.79,85.04,20,
21,R06C3,1937.01,1671.26,283.46,85.04,21,
22,R07C1,862.2,1756.3,259.84,85.04,22,
23,R07C2,1712.6,1756.3,200.79,85.04,23,
24,R07C3,1937.01,1756.3,283.46,85.04,24,
25,R08C1,862.2,1841.34,259.84,85.04,25,
26,R08C2,1712.6,1841.34,200.79,85.04,26,
27,R08C3,1937.01,1841.34,283.46,85.04,27,
28,R09C1,862.2,1926.38,259.84,85.04,28,
29,R09C2,1712.6,1926.38,200.79,85.04,29,
30,R09C3,1937.01,1926.38,283.46,85.04,30,
31,R10C1,862.2,2011.42,259.84,85.04,31,
32,R10C2,1712.6,2011.42,200.79,85.04,32,
33,R10C3,1937.01,2011.42,283.46,85.04,33,
34,R11C1,862.2,2096.46,259.84,85.04,34,
35,R11C2,1712.6,2096.46,200.79,85.04,35,
36,R11C3,1937.01,2096.46,283.46,85.04,36,
37,R12C1,862.2,2181.5,259.84,85.04,37,
38,R12C2,1712.6,2181.5,200.79,85.04,38,
39,R12C3,1937.01,2181.5,283.46,85.04,39,
40,R13C1,862.2,2266.54,259.84,85.04,40,
41,R13C2,1712.6,2266.54,200.79,85.04,41,
42,R13C3,1937.01,2266.54,283.46,85.04,42,
43,R14C1,862.2,2351.57,259.84,85.04,43,
44,R14C2,1712.6,2351.57,200.79,85.04,44,
45,R14C3,1937.01,2351.57,283.46,85.04,45,
46,R15C1,862.2,2436.61,259.84,85.04,46,
47,R15C2,1712.6,2436.61,200.79,85.04,47,
48,R15C3,1937.01,2436.61,283.46,85.04,48,
